Point(1) = {2.8331978216635583, 1.3839530564535618, 0, 1.0};
Point(2) = {2.736395643327117, 1.667906112907124, 0, 1.0};
Point(3) = {2.6395934649906754, 1.951859169360686, 0, 1.0};
Point(4) = {2.542791286654234, 2.2358122258142483, 0, 1.0};
Point(5) = {2.48, 2.42, 0, 1.0};
Point(6) = {2.3031280875931692, 2.6623145199973584, 0, 1.0};
Point(7) = {2.126256175186338, 2.904629039994717, 0, 1.0};
Point(8) = {1.949384262779507, 3.1469435599920756, 0, 1.0};
Point(9) = {1.772512350372676, 3.3892580799894345, 0, 1.0};
Point(10) = {1.5956404379658449, 3.631572599986793, 0, 1.0};
Point(11) = {1.4800000000000002, 3.79, 0, 1.0};
Point(12) = {1.729615088301353, 3.623589941132431, 0, 1.0};
Point(13) = {1.979230176602706, 3.457179882264862, 0, 1.0};
Point(14) = {2.228845264904059, 3.2907698233972935, 0, 1.0};
Point(15) = {2.4399999999999995, 3.1499999999999995, 0, 1.0};
Point(16) = {2.6454928373832733, 3.3685696543076635, 0, 1.0};
Point(17) = {2.8509856747665467, 3.587139308615327, 0, 1.0};
Point(18) = {3.0564785121498206, 3.8057089629229903, 0, 1.0};
Point(19) = {3.261971349533094, 4.024278617230654, 0, 1.0};
Point(20) = {3.54, 4.32, 0, 1.0};
Point(21) = {3.567160723812756, 4.021232038059689, 0, 1.0};
Point(22) = {3.594321447625511, 3.722464076119378, 0, 1.0};
Point(23) = {3.621482171438267, 3.4236961141790663, 0, 1.0};
Point(24) = {3.65, 3.11, 0, 1.0};
Point(25) = {3.874576454051949, 3.308910573588869, 0, 1.0};
Point(26) = {4.099152908103898, 3.5078211471777383, 0, 1.0};
Point(27) = {4.323729362155847, 3.706731720766607, 0, 1.0};
Point(28) = {4.548305816207796, 3.9056422943554763, 0, 1.0};
Point(29) = {4.7, 4.04, 0, 1.0};
Point(30) = {4.718584924333699, 3.740576219068173, 0, 1.0};
Point(31) = {4.737169848667399, 3.441152438136346, 0, 1.0};
Point(32) = {4.755754773001098, 3.141728657204519, 0, 1.0};
Point(33) = {4.774339697334798, 2.842304876272692, 0, 1.0};
Point(34) = {4.789999999999999, 2.59, 0, 1.0};
Point(35) = {5.063805372618209, 2.4674005794246825, 0, 1.0};
Point(36) = {5.337610745236418, 2.3448011588493647, 0, 1.0};
Point(37) = {5.611416117854628, 2.2222017382740473, 0, 1.0};
Point(38) = {5.885221490472836, 2.0996023176987295, 0, 1.0};
Point(39) = {6.13, 1.99, 0, 1.0};
Point(40) = {5.830557195383797, 1.9717241480750676, 0, 1.0};
Point(41) = {5.531114390767592, 1.9534482961501347, 0, 1.0};
Point(42) = {5.231671586151389, 1.9351724442252023, 0, 1.0};
Point(43) = {4.932228781535185, 1.9168965923002697, 0, 1.0};
Point(44) = {4.632785976918981, 1.8986207403753372, 0, 1.0};
Point(45) = {4.3333431723027775, 1.8803448884504044, 0, 1.0};
Point(46) = {4.0, 1.8600000000000003, 0, 1.0};
Point(47) = {3.7554174789992136, 1.6862778355508434, 0, 1.0};
Point(48) = {3.510834957998427, 1.5125556711016868, 0, 1.0};
Point(49) = {3.2662524369976405, 1.33883350665253, 0, 1.0};
Point(50) = {2.93, 1.1000000000000003, 0, 1.0};
Line(1) = {1, 2};
Line(2) = {2, 3};
Line(3) = {3, 4};
Line(4) = {4, 5};
Line(5) = {5, 6};
Line(6) = {6, 7};
Line(7) = {7, 8};
Line(8) = {8, 9};
Line(9) = {9, 10};
Line(10) = {10, 11};
Line(11) = {11, 12};
Line(12) = {12, 13};
Line(13) = {13, 14};
Line(14) = {14, 15};
Line(15) = {15, 16};
Line(16) = {16, 17};
Line(17) = {17, 18};
Line(18) = {18, 19};
Line(19) = {19, 20};
Line(20) = {20, 21};
Line(21) = {21, 22};
Line(22) = {22, 23};
Line(23) = {23, 24};
Line(24) = {24, 25};
Line(25) = {25, 26};
Line(26) = {26, 27};
Line(27) = {27, 28};
Line(28) = {28, 29};
Line(29) = {29, 30};
Line(30) = {30, 31};
Line(31) = {31, 32};
Line(32) = {32, 33};
Line(33) = {33, 34};
Line(34) = {34, 35};
Line(35) = {35, 36};
Line(36) = {36, 37};
Line(37) = {37, 38};
Line(38) = {38, 39};
Line(39) = {39, 40};
Line(40) = {40, 41};
Line(41) = {41, 42};
Line(42) = {42, 43};
Line(43) = {43, 44};
Line(44) = {44, 45};
Line(45) = {45, 46};
Line(46) = {46, 47};
Line(47) = {47, 48};
Line(48) = {48, 49};
Line(49) = {49, 50};
Line(50) = {50, 1};
