Point(1) = {2.4499999999999993, 2.4400000000000004, 0, 1.0};
Point(2) = {2.599250561303559, 2.608888793054027, 0, 1.0};
Point(3) = {2.751556054492052, 2.781234482714691, 0, 1.0};
Point(4) = {2.9038615476805454, 2.953580172375355, 0, 1.0};
Point(5) = {3.056167040869039, 3.1259258620360186, 0, 1.0};
Point(6) = {3.2084725340575324, 3.2982715516966823, 0, 1.0};
Point(7) = {3.360778027246026, 3.4706172413573455, 0, 1.0};
Point(8) = {3.51308352043452, 3.642962931018009, 0, 1.0};
Point(9) = {3.665389013623013, 3.815308620678673, 0, 1.0};
Point(10) = {3.8176945068115065, 3.987654310339336, 0, 1.0};
Point(11) = {3.97, 4.16, 0, 1.0};
Point(12) = {4.121222898674011, 4.166979518400339, 0, 1.0};
Point(13) = {4.35097831893921, 4.177583614720271, 0, 1.0};
Point(14) = {4.580733739204407, 4.188187711040204, 0, 1.0};
Point(15) = {4.810489159469604, 4.198791807360135, 0, 1.0};
Point(16) = {5.040244579734803, 4.209395903680068, 0, 1.0};
Point(17) = {5.27, 4.22, 0, 1.0};
Point(18) = {5.4011793303688815, 4.025492717039245, 0, 1.0};
Point(19) = {5.529781914072771, 3.834806127409339, 0, 1.0};
Point(20) = {5.6583844977766615, 3.6441195377794333, 0, 1.0};
Point(21) = {5.915589665184441, 3.2627463585196224, 0, 1.0};
Point(22) = {6.04419224888833, 3.072059768889717, 0, 1.0};
Point(23) = {6.172794832592221, 2.881373179259811, 0, 1.0};
Point(24) = {6.301397416296109, 2.6906865896299057, 0, 1.0};
Point(25) = {6.43, 2.5, 0, 1.0};
Point(26) = {6.389879753240439, 2.3587432978673806, 0, 1.0};
Point(27) = {6.327039788491805, 2.137494255314898, 0, 1.0};
Point(28) = {6.264199823743171, 1.9162452127624148, 0, 1.0};
Point(29) = {6.201359858994537, 1.6949961702099319, 0, 1.0};
Point(30) = {6.138519894245902, 1.473747127657449, 0, 1.0};
Point(31) = {6.0756799294972685, 1.2524980851049659, 0, 1.0};
Point(32) = {6.012839964748634, 1.031249042552483, 0, 1.0};
Point(33) = {5.95, 0.81, 0, 1.0};
Point(34) = {5.679669458601065, 0.8048752504000203, 0, 1.0};
Point(35) = {5.449710776275932, 0.8005158441000176, 0, 1.0};
Point(36) = {5.219752093950799, 0.7961564378000152, 0, 1.0};
Point(37) = {4.7598347293005325, 0.7874376252000101, 0, 1.0};
Point(38) = {4.529876046975399, 0.7830782189000075, 0, 1.0};
Point(39) = {4.299917364650266, 0.7787188126000051, 0, 1.0};
Point(40) = {4.069958682325133, 0.7743594063000024, 0, 1.0};
Point(41) = {3.84, 0.7700000000000002, 0, 1.0};
Point(42) = {3.6271061345257483, 1.0257789606776984, 0, 1.0};
Point(43) = {3.47996786771003, 1.2025565905929863, 0, 1.0};
Point(44) = {3.3328296008943115, 1.379334220508274, 0, 1.0};
Point(45) = {3.038553067262874, 1.7328894803388493, 0, 1.0};
Point(46) = {2.8914148004471554, 1.909667110254137, 0, 1.0};
Point(47) = {2.744276533631437, 2.0864447401694246, 0, 1.0};
Point(48) = {2.5971382668157186, 2.2632223700847125, 0, 1.0};
Line(1) = {1, 2};
Line(2) = {2, 3};
Line(3) = {3, 4};
Line(4) = {4, 5};
Line(5) = {5, 6};
Line(6) = {6, 7};
Line(7) = {7, 8};
Line(8) = {8, 9};
Line(9) = {9, 10};
Line(10) = {10, 11};
Line(11) = {11, 12};
Line(12) = {12, 13};
Line(13) = {13, 14};
Line(14) = {14, 15};
Line(15) = {15, 16};
Line(16) = {16, 17};
Line(17) = {17, 18};
Line(18) = {18, 19};
Line(19) = {19, 20};
Line(20) = {20, 21};
Line(21) = {21, 22};
Line(22) = {22, 23};
Line(23) = {23, 24};
Line(24) = {24, 25};
Line(25) = {25, 26};
Line(26) = {26, 27};
Line(27) = {27, 28};
Line(28) = {28, 29};
Line(29) = {29, 30};
Line(30) = {30, 31};
Line(31) = {31, 32};
Line(32) = {32, 33};
Line(33) = {33, 34};
Line(34) = {34, 35};
Line(35) = {35, 36};
Line(36) = {36, 37};
Line(37) = {37, 38};
Line(38) = {38, 39};
Line(39) = {39, 40};
Line(40) = {40, 41};
Line(41) = {41, 42};
Line(42) = {42, 43};
Line(43) = {43, 44};
Line(44) = {44, 45};
Line(45) = {45, 46};
Line(46) = {46, 47};
Line(47) = {47, 48};
Line(48) = {48, 1};
